0	0	0
0	1	0
0	2	0
0	3	0
0	4	0
0	5	0
0	6	0
0	7	0
0	8	0
0	9	0
0	10	0
0	11	0
0	12	0
0	13	0
0	14	0
0	15	0
0	16	0
0	17	0
0	18	0
0	19	0
0	20	0
0	21	0
0	22	0
0	23	0
0	24	0
0	25	0
0	26	0
0	27	0
0	28	0
0	29	0
0	30	0
0	31	0
0	32	0
0	33	0
0	34	0
0	35	0
0	36	0
0	37	0
0	38	0
0	39	0
0	40	0
0	41	0
0	42	0
0	43	0
0	44	0
0	45	0
0	46	0
0	47	0
0	48	0
0	49	0
0	50	0
0	51	0
0	52	0
0	53	0
0	54	0
0	55	0
0	56	0
0	57	0
0	58	0
0	59	0
0	60	0
0	61	0
0	62	0
0	63	0
0	64	0
0	65	0
0	66	0
0	67	0
0	68	0
0	69	0
0	70	0
0	71	0
0	72	0
0	73	0
0	74	0
0	75	0
0	76	0
0	77	0
0	78	0
0	79	0
0	80	0
0	81	0
1	0	0
1	1	0.00106163
1	2	0.0021233
1	3	0.003185
1	4	0.00424669
1	5	0.00530824
1	6	0.00636947
1	7	0.00743007
1	8	0.00848961
1	9	0.00954751
1	10	0.010603
1	11	0.0116553
1	12	0.012703
1	13	0.013745
1	14	0.0147797
1	15	0.0158053
1	16	0.0168197
1	17	0.0178207
1	18	0.018806
1	19	0.0197729
1	20	0.0207186
1	21	0.0216403
1	22	0.022535
1	23	0.0233997
1	24	0.0242314
1	25	0.0250273
1	26	0.0257846
1	27	0.0265007
1	28	0.0271733
1	29	0.0278002
1	30	0.0283796
1	31	0.0289099
1	32	0.0293897
1	33	0.0298181
1	34	0.0301941
1	35	0.0305172
1	36	0.0307869
1	37	0.0310029
1	38	0.0311651
1	39	0.0312733
1	40	0.0313275
1	41	0.0313275
1	42	0.0312735
1	43	0.0311655
1	44	0.0310035
1	45	0.0307875
1	46	0.030518
1	47	0.030195
1	48	0.0298192
1	49	0.029391
1	50	0.0289113
1	51	0.0283812
1	52	0.027802
1	53	0.0271752
1	54	0.0265028
1	55	0.0257869
1	56	0.0250298
1	57	0.024234
1	58	0.0234025
1	59	0.022538
1	60	0.0216435
1	61	0.0207219
1	62	0.0197763
1	63	0.0188096
1	64	0.0178244
1	65	0.0168234
1	66	0.015809
1	67	0.0147834
1	68	0.0137488
1	69	0.0127067
1	70	0.0116588
1	71	0.0106065
1	72	0.00955081
1	73	0.0084927
1	74	0.00743292
1	75	0.00637203
1	76	0.00531047
1	77	0.00424855
1	78	0.00318646
1	79	0.00212431
1	80	0.00106215
1	81	0
2	0	0
2	1	0.0021233
2	2	0.0042467
2	3	0.00637019
2	4	0.00849372
2	5	0.0106171
2	6	0.0127399
2	7	0.0148616
2	8	0.0169813
2	9	0.0190978
2	10	0.0212099
2	11	0.0233154
2	12	0.0254124
2	13	0.027498
2	14	0.0295691
2	15	0.0316223
2	16	0.0336533
2	17	0.0356579
2	18	0.0376311
2	19	0.0395677
2	20	0.041462
2	21	0.0433083
2	22	0.0451007
2	23	0.046833
2	24	0.0484993
2	25	0.0500939
2	26	0.051611
2	27	0.0530457
2	28	0.054393
2	29	0.0556486
2	30	0.056809
2	31	0.0578709
2	32	0.0588316
2	33	0.0596891
2	34	0.0604418
2	35	0.0610884
2	36	0.0616281
2	37	0.0620604
2	38	0.0623849
2	39	0.0626014
2	40	0.0627097
2	41	0.0627098
2	42	0.0626018
2	43	0.0623856
2	44	0.0620614
2	45	0.0616294
2	46	0.06109
2	47	0.0604437
2	48	0.0596913
2	49	0.0588341
2	50	0.0578737
2	51	0.0568122
2	52	0.0556522
2	53	0.0543968
2	54	0.0530499
2	55	0.0516156
2	56	0.0500988
2	57	0.0485046
2	58	0.0468386
2	59	0.0451066
2	60	0.0433146
2	61	0.0414685
2	62	0.0395744
2	63	0.0376381
2	64	0.0356651
2	65	0.0336607
2	66	0.0316296
2	67	0.0295765
2	68	0.0275054
2	69	0.0254197
2	70	0.0233226
2	71	0.0212167
2	72	0.0191044
2	73	0.0169874
2	74	0.0148672
2	75	0.012745
2	76	0.0106215
2	77	0.00849742
2	78	0.00637308
2	79	0.0042487
2	80	0.00212434
2	81	0
3	0	0
3	1	0.003185
3	2	0.00637019
3	3	0.00955564
3	4	0.0127413
3	5	0.0159269
3	6	0.0191119
3	7	0.0222956
3	8	0.0254767
3	9	0.0286535
3	10	0.0318239
3	11	0.0349851
3	12	0.0381339
3	13	0.0412663
3	14	0.0443775
3	15	0.0474623
3	16	0.0505146
3	17	0.0535276
3	18	0.056494
3	19	0.0594058
3	20	0.0622545
3	21	0.0650315
3	22	0.0677275
3	23	0.0703334
3	24	0.0728402
3	25	0.075239
3	26	0.0775212
3	27	0.0796791
3	28	0.0817054
3	29	0.0835936
3	30	0.0853381
3	31	0.0869341
3	32	0.0883778
3	33	0.0896661
3	34	0.0907966
3	35	0.0917676
3	36	0.0925779
3	37	0.0932268
3	38	0.0937138
3	39	0.0940386
3	40	0.0942011
3	41	0.0942013
3	42	0.0940392
3	43	0.0937148
3	44	0.0932283
3	45	0.0925798
3	46	0.0917699
3	47	0.0907994
3	48	0.0896694
3	49	0.0883815
3	50	0.0869383
3	51	0.0853428
3	52	0.0835988
3	53	0.0817111
3	54	0.0796854
3	55	0.077528
3	56	0.0752462
3	57	0.072848
3	58	0.0703417
3	59	0.0677363
3	60	0.0650407
3	61	0.0622642
3	62	0.0594158
3	63	0.0565043
3	64	0.0535382
3	65	0.0505254
3	66	0.0474733
3	67	0.0443886
3	68	0.0412773
3	69	0.0381448
3	70	0.0349957
3	71	0.0318341
3	72	0.0286632
3	73	0.0254858
3	74	0.022304
3	75	0.0191195
3	76	0.0159335
3	77	0.0127468
3	78	0.00955994
3	79	0.00637317
3	80	0.00318654
3	81	0
4	0	0
4	1	0.00424669
4	2	0.00849372
4	3	0.0127413
4	4	0.0169894
4	5	0.0212379
4	6	0.0254861
4	7	0.0297331
4	8	0.0339773
4	9	0.0382165
4	10	0.0424481
4	11	0.0466685
4	12	0.0508732
4	13	0.055057
4	14	0.0592137
4	15	0.0633363
4	16	0.0674165
4	17	0.0714453
4	18	0.0754129
4	19	0.0793084
4	20	0.0831205
4	21	0.0868371
4	22	0.090446
4	23	0.0939346
4	24	0.0972907
4	25	0.100502
4	26	0.103557
4	27	0.106446
4	28	0.109157
4	29	0.111684
4	30	0.114017
4	31	0.116151
4	32	0.118081
4	33	0.119802
4	34	0.121312
4	35	0.122609
4	36	0.123691
4	37	0.124557
4	38	0.125206
4	39	0.12564
4	40	0.125856
4	41	0.125857
4	42	0.12564
4	43	0.125208
4	44	0.124559
4	45	0.123693
4	46	0.122612
4	47	0.121316
4	48	0.119807
4	49	0.118086
4	50	0.116157
4	51	0.114023
4	52	0.111691
4	53	0.109165
4	54	0.106454
4	55	0.103566
4	56	0.100512
4	57	0.097301
4	58	0.0939455
4	59	0.0904575
4	60	0.0868493
4	61	0.0831332
4	62	0.0793216
4	63	0.0754266
4	64	0.0714594
4	65	0.0674308
4	66	0.0633507
4	67	0.0592283
4	68	0.0550715
4	69	0.0508875
4	70	0.0466824
4	71	0.0424616
4	72	0.0382294
4	73	0.0339893
4	74	0.0297442
4	75	0.0254961
4	76	0.0212466
4	77	0.0169967
4	78	0.012747
4	79	0.00849764
4	80	0.00424872
4	81	0
5	0	0
5	1	0.00530824
5	2	0.0106171
5	3	0.0159269
5	4	0.0212379
5	5	0.0265499
5	6	0.0318625
5	7	0.0371744
5	8	0.0424839
5	9	0.0477886
5	10	0.053085
5	11	0.0583689
5	12	0.0636349
5	13	0.0688764
5	14	0.0740859
5	15	0.0792544
5	16	0.0843716
5	17	0.0894263
5	18	0.0944058
5	19	0.0992965
5	20	0.104084
5	21	0.108752
5	22	0.113287
5	23	0.11767
5	24	0.121888
5	25	0.125923
5	26	0.129762
5	27	0.133391
5	28	0.136797
5	29	0.139969
5	30	0.142897
5	31	0.145575
5	32	0.147995
5	33	0.150152
5	34	0.152044
5	35	0.153667
5	36	0.155021
5	37	0.156105
5	38	0.156917
5	39	0.157459
5	40	0.15773
5	41	0.15773
5	42	0.15746
5	43	0.156919
5	44	0.156107
5	45	0.155024
5	46	0.153671
5	47	0.152048
5	48	0.150157
5	49	0.148001
5	50	0.145581
5	51	0.142905
5	52	0.139977
5	53	0.136806
5	54	0.133401
5	55	0.129773
5	56	0.125935
5	57	0.1219
5	58	0.117684
5	59	0.113301
5	60	0.108767
5	61	0.104099
5	62	0.0993128
5	63	0.0944226
5	64	0.0894435
5	65	0.0843892
5	66	0.0792722
5	67	0.0741038
5	68	0.0688943
5	69	0.0636525
5	70	0.0583861
5	71	0.0531017
5	72	0.0478044
5	73	0.0424988
5	74	0.0371881
5	75	0.0318748
5	76	0.0265607
5	77	0.0212469
5	78	0.0159339
5	79	0.0106219
5	80	0.00531075
5	81	0
6	0	0
6	1	0.00636947
6	2	0.0127399
6	3	0.0191119
6	4	0.0254861
6	5	0.0318625
6	6	0.0382406
6	7	0.0446193
6	8	0.0509969
6	9	0.0573704
6	10	0.0637361
6	11	0.070089
6	12	0.0764229
6	13	0.08273
6	14	0.0890012
6	15	0.0952258
6	16	0.101392
6	17	0.107485
6	18	0.11349
6	19	0.11939
6	20	0.125168
6	21	0.130805
6	22	0.13628
6	23	0.141575
6	24	0.146669
6	25	0.151544
6	26	0.15618
6	27	0.160562
6	28	0.164673
6	29	0.1685
6	30	0.172031
6	31	0.175258
6	32	0.178173
6	33	0.18077
6	34	0.183045
6	35	0.184997
6	36	0.186624
6	37	0.187925
6	38	0.188901
6	39	0.189551
6	40	0.189877
6	41	0.189877
6	42	0.189553
6	43	0.188903
6	44	0.187928
6	45	0.186628
6	46	0.185002
6	47	0.183051
6	48	0.180776
6	49	0.17818
6	50	0.175266
6	51	0.17204
6	52	0.168509
6	53	0.164683
6	54	0.160573
6	55	0.156193
6	56	0.151558
6	57	0.146684
6	58	0.141591
6	59	0.136297
6	60	0.130822
6	61	0.125187
6	62	0.119409
6	63	0.11351
6	64	0.107505
6	65	0.101412
6	66	0.0952468
6	67	0.0890223
6	68	0.082751
6	69	0.0764437
6	70	0.0701094
6	71	0.0637558
6	72	0.0573891
6	73	0.0510145
6	74	0.0446355
6	75	0.0382552
6	76	0.0318752
6	77	0.0254967
6	78	0.0191202
6	79	0.0127456
6	80	0.00637244
6	81	0
7	0	0
7	1	0.00743007
7	2	0.0148616
7	3	0.0222956
7	4	0.0297331
7	5	0.0371744
7	6	0.0446193
7	7	0.052067
7	8	0.0595154
7	9	0.0669618
7	10	0.074402
7	11	0.0818303
7	12	0.0892398
7	13	0.0966217
7	14	0.103965
7	15	0.111259
7	16	0.118487
7	17	0.125634
7	18	0.132681
7	19	0.139609
7	20	0.146397
7	21	0.153021
7	22	0.159457
7	23	0.165683
7	24	0.171673
7	25	0.177405
7	26	0.182856
7	27	0.188006
7	28	0.192835
7	29	0.197329
7	30	0.201473
7	31	0.205256
7	32	0.208671
7	33	0.211712
7	34	0.214374
7	35	0.216655
7	36	0.218556
7	37	0.220075
7	38	0.221213
7	39	0.221972
7	40	0.222351
7	41	0.222351
7	42	0.221973
7	43	0.221215
7	44	0.220078
7	45	0.21856
7	46	0.21666
7	47	0.21438
7	48	0.211718
7	49	0.208679
7	50	0.205265
7	51	0.201483
7	52	0.19734
7	53	0.192847
7	54	0.188019
7	55	0.18287
7	56	0.177421
7	57	0.17169
7	58	0.165701
7	59	0.159476
7	60	0.153041
7	61	0.146418
7	62	0.139631
7	63	0.132704
7	64	0.125657
7	65	0.11851
7	66	0.111283
7	67	0.10399
7	68	0.0966458
7	69	0.0892637
7	70	0.0818537
7	71	0.0744245
7	72	0.0669833
7	73	0.0595356
7	74	0.0520856
7	75	0.0446361
7	76	0.037189
7	77	0.0297453
7	78	0.0223051
7	79	0.0148681
7	80	0.00743347
7	81	0
8	0	0
8	1	0.00848961
8	2	0.0169813
8	3	0.0254767
8	4	0.0339773
8	5	0.0424839
8	6	0.0509969
8	7	0.0595154
8	8	0.068038
8	9	0.0765616
8	10	0.0850818
8	11	0.0935929
8	12	0.102087
8	13	0.110554
8	14	0.118983
8	15	0.127359
8	16	0.135666
8	17	0.143885
8	18	0.151995
8	19	0.159972
8	20	0.167792
8	21	0.175427
8	22	0.182849
8	23	0.190029
8	24	0.196939
8	25	0.20355
8	26	0.209836
8	27	0.215772
8	28	0.221337
8	29	0.22651
8	30	0.231277
8	31	0.235626
8	32	0.239547
8	33	0.243035
8	34	0.246085
8	35	0.248697
8	36	0.250871
8	37	0.252607
8	38	0.253908
8	39	0.254774
8	40	0.255207
8	41	0.255207
8	42	0.254775
8	43	0.25391
8	44	0.252611
8	45	0.250875
8	46	0.248703
8	47	0.246092
8	48	0.243042
8	49	0.239556
8	50	0.235636
8	51	0.231288
8	52	0.226522
8	53	0.22135
8	54	0.215787
8	55	0.209852
8	56	0.203568
8	57	0.196958
8	58	0.190049
8	59	0.18287
8	60	0.175449
8	61	0.167815
8	62	0.159997
8	63	0.15202
8	64	0.143911
8	65	0.135692
8	66	0.127386
8	67	0.11901
8	68	0.110581
8	69	0.102114
8	70	0.093619
8	71	0.0851071
8	72	0.0765857
8	73	0.0680606
8	74	0.0595363
8	75	0.0510156
8	76	0.0425003
8	77	0.0339909
8	78	0.0254874
8	79	0.0169886
8	80	0.00849343
8	81	0
9	0	0
9	1	0.00954751
9	2	0.0190978
9	3	0.0286535
9	4	0.0382165
9	5	0.0477886
9	6	0.0573704
9	7	0.0669618
9	8	0.0765616
9	9	0.0861669
9	10	0.0957734
9	11	0.105375
9	12	0.114963
9	13	0.124528
9	14	0.134056
9	15	0.143532
9	16	0.152936
9	17	0.162249
9	18	0.171444
9	19	0.180497
9	20	0.189375
9	21	0.19805
9	22	0.206486
9	23	0.214649
9	24	0.222507
9	25	0.230024
9	26	0.23717
9	27	0.243914
9	28	0.250232
9	29	0.256102
9	30	0.261504
9	31	0.266427
9	32	0.27086
9	33	0.274798
9	34	0.278239
9	35	0.281181
9	36	0.283627
9	37	0.285579
9	38	0.28704
9	39	0.288012
9	40	0.288498
9	41	0.288499
9	42	0.288014
9	43	0.287042
9	44	0.285583
9	45	0.283632
9	46	0.281187
9	47	0.278245
9	48	0.274806
9	49	0.270869
9	50	0.266437
9	51	0.261516
9	52	0.256115
9	53	0.250247
9	54	0.24393
9	55	0.237187
9	56	0.230043
9	57	0.222527
9	58	0.214671
9	59	0.206509
9	60	0.198074
9	61	0.189401
9	62	0.180523
9	63	0.171472
9	64	0.162277
9	65	0.152965
9	66	0.143561
9	67	0.134086
9	68	0.124558
9	69	0.114993
9	70	0.105404
9	71	0.0958012
9	72	0.0861934
9	73	0.0765865
9	74	0.0669848
9	75	0.0573911
9	76	0.0478066
9	77	0.0382316
9	78	0.0286653
9	79	0.019106
9	80	0.00955173
9	81	0
10	0	0
10	1	0.010603
10	2	0.0212099
10	3	0.0318239
10	4	0.0424481
10	5	0.053085
10	6	0.0637361
10	7	0.074402
10	8	0.0850818
10	9	0.0957734
10	10	0.106473
10	11	0.117173
10	12	0.127867
10	13	0.138542
10	14	0.149185
10	15	0.159779
10	16	0.170303
10	17	0.180733
10	18	0.191041
10	19	0.201198
10	20	0.211167
10	21	0.220914
10	22	0.230398
10	23	0.23958
10	24	0.248418
10	25	0.256873
10	26	0.264908
10	27	0.272487
10	28	0.27958
10	29	0.286163
10	30	0.292214
10	31	0.29772
10	32	0.302671
10	33	0.307063
10	34	0.310893
10	35	0.314164
10	36	0.31688
10	37	0.319045
10	38	0.320664
10	39	0.321741
10	40	0.322278
10	41	0.322279
10	42	0.321742
10	43	0.320667
10	44	0.319049
10	45	0.316885
10	46	0.314171
10	47	0.310901
10	48	0.307071
10	49	0.302681
10	50	0.297732
10	51	0.292227
10	52	0.286177
10	53	0.279596
10	54	0.272504
10	55	0.264926
10	56	0.256894
10	57	0.24844
10	58	0.239603
10	59	0.230423
10	60	0.22094
10	61	0.211195
10	62	0.201226
10	63	0.191071
10	64	0.180763
10	65	0.170334
10	66	0.159811
10	67	0.149217
10	68	0.138574
10	69	0.127899
10	70	0.117204
10	71	0.106503
10	72	0.0958022
10	73	0.0851089
10	74	0.0744269
10	75	0.0637586
10	76	0.0531046
10	77	0.0424645
10	78	0.0318367
10	79	0.0212187
10	80	0.0106076
10	81	0
11	0	0
11	1	0.0116553
11	2	0.0233154
11	3	0.0349851
11	4	0.0466685
11	5	0.0583689
11	6	0.070089
11	7	0.0818303
11	8	0.0935929
11	9	0.105375
11	10	0.117173
11	11	0.128982
11	12	0.140791
11	13	0.152592
11	14	0.164367
11	15	0.1761
11	16	0.187767
11	17	0.199342
11	18	0.210794
11	19	0.222089
11	20	0.233187
11	21	0.244045
11	22	0.254618
11	23	0.264858
11	24	0.274717
11	25	0.284148
11	26	0.293105
11	27	0.301549
11	28	0.309443
11	29	0.316759
11	30	0.323474
11	31	0.329573
11	32	0.335046
11	33	0.339892
11	34	0.344111
11	35	0.347707
11	36	0.350688
11	37	0.353061
11	38	0.354833
11	39	0.356011
11	40	0.356599
11	41	0.3566
11	42	0.356013
11	43	0.354836
11	44	0.353065
11	45	0.350693
11	46	0.347714
11	47	0.344118
11	48	0.339901
11	49	0.335057
11	50	0.329584
11	51	0.323487
11	52	0.316774
11	53	0.30946
11	54	0.301567
11	55	0.293125
11	56	0.284169
11	57	0.27474
11	58	0.264882
11	59	0.254644
11	60	0.244072
11	61	0.233216
11	62	0.222119
11	63	0.210826
11	64	0.199374
11	65	0.1878
11	66	0.176134
11	67	0.164401
11	68	0.152626
11	69	0.140825
11	70	0.129015
11	71	0.117205
11	72	0.105406
11	73	0.0936219
11	74	0.0818571
11	75	0.0701132
11	76	0.05839
11	77	0.0466861
11	78	0.0349989
11	79	0.023325
11	80	0.0116602
11	81	0
12	0	0
12	1	0.012703
12	2	0.0254124
12	3	0.0381339
12	4	0.0508732
12	5	0.0636349
12	6	0.0764229
12	7	0.0892398
12	8	0.102087
12	9	0.114963
12	10	0.127867
12	11	0.140791
12	12	0.15373
12	13	0.166669
12	14	0.179596
12	15	0.19249
12	16	0.205327
12	17	0.218078
12	18	0.230709
12	19	0.243181
12	20	0.25545
12	21	0.267465
12	22	0.279174
12	23	0.290521
12	24	0.301448
12	25	0.311899
12	26	0.321821
12	27	0.331165
12	28	0.339889
12	29	0.34796
12	30	0.355354
12	31	0.362054
12	32	0.368053
12	33	0.373352
12	34	0.377954
12	35	0.381869
12	36	0.385108
12	37	0.387681
12	38	0.389601
12	39	0.390876
12	40	0.391511
12	41	0.391512
12	42	0.390877
12	43	0.389604
12	44	0.387685
12	45	0.385113
12	46	0.381876
12	47	0.377962
12	48	0.373361
12	49	0.368064
12	50	0.362066
12	51	0.355367
12	52	0.347975
12	53	0.339906
12	54	0.331183
12	55	0.321841
12	56	0.311921
12	57	0.301471
12	58	0.290546
12	59	0.279201
12	60	0.267494
12	61	0.25548
12	62	0.243213
12	63	0.230742
12	64	0.218112
12	65	0.205362
12	66	0.192525
12	67	0.179632
12	68	0.166706
12	69	0.153765
12	70	0.140827
12	71	0.127901
12	72	0.114996
12	73	0.102118
12	74	0.0892683
12	75	0.0764485
12	76	0.0636573
12	77	0.0508919
12	78	0.0381485
12	79	0.0254225
12	80	0.0127083
12	81	0
13	0	0
13	1	0.013745
13	2	0.027498
13	3	0.0412663
13	4	0.055057
13	5	0.0688764
13	6	0.08273
13	7	0.0966217
13	8	0.110554
13	9	0.124528
13	10	0.138542
13	11	0.152592
13	12	0.166669
13	13	0.180764
13	14	0.194861
13	15	0.20894
13	16	0.222976
13	17	0.236938
13	18	0.250788
13	19	0.264482
13	20	0.27797
13	21	0.291196
13	22	0.304097
13	23	0.316607
13	24	0.328659
13	25	0.340184
13	26	0.351119
13	27	0.361404
13	28	0.370992
13	29	0.379843
13	30	0.387931
13	31	0.39524
13	32	0.401765
13	33	0.407512
13	34	0.412489
13	35	0.416711
13	36	0.420196
13	37	0.42296
13	38	0.425017
13	39	0.426382
13	40	0.427063
13	41	0.427063
13	42	0.426384
13	43	0.42502
13	44	0.422964
13	45	0.420201
13	46	0.416718
13	47	0.412497
13	48	0.407521
13	49	0.401776
13	50	0.395252
13	51	0.387944
13	52	0.379858
13	53	0.371009
13	54	0.361423
13	55	0.351139
13	56	0.340207
13	57	0.328683
13	58	0.316633
13	59	0.304125
13	60	0.291226
13	61	0.278002
13	62	0.264515
13	63	0.250822
13	64	0.236974
13	65	0.223013
13	66	0.208978
13	67	0.194899
13	68	0.180802
13	69	0.166707
13	70	0.152629
13	71	0.138578
13	72	0.124563
13	73	0.110587
13	74	0.0966516
13	75	0.0827569
13	76	0.0689
13	77	0.0550767
13	78	0.0412817
13	79	0.0275086
13	80	0.0137506
13	81	0
14	0	0
14	1	0.0147797
14	2	0.0295691
14	3	0.0443775
14	4	0.0592137
14	5	0.0740859
14	6	0.0890012
14	7	0.103965
14	8	0.118983
14	9	0.134056
14	10	0.149185
14	11	0.164367
14	12	0.179596
14	13	0.194861
14	14	0.210149
14	15	0.225439
14	16	0.240705
14	17	0.255914
14	18	0.271026
14	19	0.285993
14	20	0.300758
14	21	0.315256
14	22	0.329415
14	23	0.343157
14	24	0.356401
14	25	0.369064
14	26	0.381069
14	27	0.392346
14	28	0.402835
14	29	0.412493
14	30	0.42129
14	31	0.429213
14	32	0.436261
14	33	0.442444
14	34	0.447781
14	35	0.452295
14	36	0.456009
14	37	0.458947
14	38	0.461131
14	39	0.462577
14	40	0.463297
14	41	0.463298
14	42	0.462579
14	43	0.461134
14	44	0.458951
14	45	0.456014
14	46	0.452301
14	47	0.447789
14	48	0.442454
14	49	0.436272
14	50	0.429225
14	51	0.421304
14	52	0.412509
14	53	0.402853
14	54	0.392365
14	55	0.38109
14	56	0.369087
14	57	0.356426
14	58	0.343184
14	59	0.329444
14	60	0.315287
14	61	0.30079
14	62	0.286027
14	63	0.271062
14	64	0.255951
14	65	0.240743
14	66	0.225478
14	67	0.210188
14	68	0.194901
14	69	0.179635
14	70	0.164406
14	71	0.149223
14	72	0.134092
14	73	0.119017
14	74	0.103997
14	75	0.0890293
14	76	0.0741105
14	77	0.0592344
14	78	0.0443936
14	79	0.0295803
14	80	0.0147855
14	81	0
15	0	0
15	1	0.0158053
15	2	0.0316223
15	3	0.0474623
15	4	0.0633363
15	5	0.0792544
15	6	0.0952258
15	7	0.111259
15	8	0.127359
15	9	0.143532
15	10	0.159779
15	11	0.1761
15	12	0.19249
15	13	0.20894
15	14	0.225439
15	15	0.241965
15	16	0.258494
15	17	0.274992
15	18	0.291415
15	19	0.307711
15	20	0.323817
15	21	0.33966
15	22	0.355155
15	23	0.37021
15	24	0.384728
15	25	0.398607
15	26	0.411753
15	27	0.424079
15	28	0.435515
15	29	0.446008
15	30	0.455529
15	31	0.464065
15	32	0.471625
15	33	0.478228
15	34	0.483902
15	35	0.488682
15	36	0.492601
15	37	0.495693
15	38	0.497986
15	39	0.499501
15	40	0.500255
15	41	0.500256
15	42	0.499503
15	43	0.497989
15	44	0.495697
15	45	0.492607
15	46	0.488688
15	47	0.48391
15	48	0.478237
15	49	0.471636
15	50	0.464077
15	51	0.455542
15	52	0.446024
15	53	0.435532
15	54	0.424098
15	55	0.411774
15	56	0.39863
15	57	0.384753
15	58	0.370237
15	59	0.355184
15	60	0.339691
15	61	0.32385
15	62	0.307745
15	63	0.291451
15	64	0.275029
15	65	0.258533
15	66	0.242005
15	67	0.225479
15	68	0.208981
15	69	0.19253
15	70	0.176139
15	71	0.159818
15	72	0.143569
15	73	0.127394
15	74	0.111291
15	75	0.095255
15	76	0.0792799
15	77	0.0633577
15	78	0.047479
15	79	0.0316338
15	80	0.0158113
15	81	0
16	0	0
16	1	0.0168197
16	2	0.0336533
16	3	0.0505146
16	4	0.0674165
16	5	0.0843716
16	6	0.101392
16	7	0.118487
16	8	0.135666
16	9	0.152936
16	10	0.170303
16	11	0.187767
16	12	0.205327
16	13	0.222976
16	14	0.240705
16	15	0.258494
16	16	0.27632
16	17	0.294148
16	18	0.311935
16	19	0.329623
16	20	0.347144
16	21	0.364415
16	22	0.381339
16	23	0.397806
16	24	0.413697
16	25	0.428888
16	26	0.443261
16	27	0.456708
16	28	0.469141
16	29	0.480501
16	30	0.490755
16	31	0.499899
16	32	0.50795
16	33	0.514943
16	34	0.520921
16	35	0.525933
16	36	0.530025
16	37	0.533242
16	38	0.535621
16	39	0.537191
16	40	0.537971
16	41	0.537971
16	42	0.537192
16	43	0.535624
16	44	0.533246
16	45	0.53003
16	46	0.525939
16	47	0.520929
16	48	0.514952
16	49	0.50796
16	50	0.49991
16	51	0.490768
16	52	0.480516
16	53	0.469158
16	54	0.456726
16	55	0.443282
16	56	0.428911
16	57	0.413722
16	58	0.397833
16	59	0.381368
16	60	0.364447
16	61	0.347178
16	62	0.329658
16	63	0.311972
16	64	0.294187
16	65	0.27636
16	66	0.258535
16	67	0.240746
16	68	0.223018
16	69	0.205368
16	70	0.187808
16	71	0.170343
16	72	0.152975
16	73	0.135702
16	74	0.11852
16	75	0.101422
16	76	0.084398
16	77	0.0674386
16	78	0.0505318
16	79	0.0336653
16	80	0.0168259
16	81	0
17	0	0
17	1	0.0178207
17	2	0.0356579
17	3	0.0535276
17	4	0.0714453
17	5	0.0894263
17	6	0.107485
17	7	0.125634
17	8	0.143885
17	9	0.162249
17	10	0.180733
17	11	0.199342
17	12	0.218078
17	13	0.236938
17	14	0.255914
17	15	0.274992
17	16	0.294148
17	17	0.313352
17	18	0.332557
17	19	0.351707
17	20	0.370727
17	21	0.389523
17	22	0.407985
17	23	0.425982
17	24	0.443369
17	25	0.459992
17	26	0.475699
17	27	0.490353
17	28	0.503845
17	29	0.516102
17	30	0.527095
17	31	0.536828
17	32	0.545337
17	33	0.552676
17	34	0.55891
17	35	0.564106
17	36	0.568328
17	37	0.571634
17	38	0.57407
17	39	0.575673
17	40	0.576469
17	41	0.57647
17	42	0.575675
17	43	0.574072
17	44	0.571637
17	45	0.568333
17	46	0.564112
17	47	0.558918
17	48	0.552685
17	49	0.545347
17	50	0.53684
17	51	0.527108
17	52	0.516117
17	53	0.503861
17	54	0.490372
17	55	0.47572
17	56	0.460015
17	57	0.443394
17	58	0.426009
17	59	0.408014
17	60	0.389554
17	61	0.37076
17	62	0.351743
17	63	0.332595
17	64	0.31339
17	65	0.294189
17	66	0.275033
17	67	0.255956
17	68	0.23698
17	69	0.21812
17	70	0.199384
17	71	0.180773
17	72	0.162288
17	73	0.143922
17	74	0.125668
17	75	0.107516
17	76	0.0894534
17	77	0.071468
17	78	0.0535453
17	79	0.0356702
17	80	0.0178271
17	81	0
18	0	0
18	1	0.018806
18	2	0.0376311
18	3	0.056494
18	4	0.0754129
18	5	0.0944058
18	6	0.11349
18	7	0.132681
18	8	0.151995
18	9	0.171444
18	10	0.191041
18	11	0.210794
18	12	0.230709
18	13	0.250788
18	14	0.271026
18	15	0.291415
18	16	0.311935
18	17	0.332557
18	18	0.353241
18	19	0.373926
18	20	0.394537
18	21	0.41497
18	22	0.4351
18	23	0.454773
18	24	0.47381
18	25	0.492017
18	26	0.509195
18	27	0.525166
18	28	0.539787
18	29	0.552973
18	30	0.564698
18	31	0.574986
18	32	0.583898
18	33	0.591519
18	34	0.597941
18	35	0.603257
18	36	0.607551
18	37	0.610897
18	38	0.613354
18	39	0.614967
18	40	0.615766
18	41	0.615767
18	42	0.614968
18	43	0.613356
18	44	0.610901
18	45	0.607556
18	46	0.603263
18	47	0.597948
18	48	0.591527
18	49	0.583907
18	50	0.574996
18	51	0.56471
18	52	0.552987
18	53	0.539803
18	54	0.525183
18	55	0.509215
18	56	0.492039
18	57	0.473834
18	58	0.454799
18	59	0.435129
18	60	0.415001
18	61	0.39457
18	62	0.373962
18	63	0.353278
18	64	0.332596
18	65	0.311975
18	66	0.291456
18	67	0.271069
18	68	0.250831
18	69	0.230752
18	70	0.210837
18	71	0.191083
18	72	0.171484
18	73	0.152033
18	74	0.132716
18	75	0.113521
18	76	0.0944334
18	77	0.0754361
18	78	0.0565121
18	79	0.0376437
18	80	0.0188125
18	81	0
19	0	0
19	1	0.0197729
19	2	0.0395677
19	3	0.0594058
19	4	0.0793084
19	5	0.0992965
19	6	0.11939
19	7	0.139609
19	8	0.159972
19	9	0.180497
19	10	0.201198
19	11	0.222089
19	12	0.243181
19	13	0.264482
19	14	0.285993
19	15	0.307711
19	16	0.329623
19	17	0.351707
19	18	0.373926
19	19	0.396226
19	20	0.418528
19	21	0.440726
19	22	0.462678
19	23	0.484204
19	24	0.505086
19	25	0.525074
19	26	0.543903
19	27	0.561331
19	28	0.577167
19	29	0.59131
19	30	0.603742
19	31	0.614522
19	32	0.623753
19	33	0.631563
19	34	0.638082
19	35	0.643433
19	36	0.647726
19	37	0.651053
19	38	0.653485
19	39	0.655078
19	40	0.655865
19	41	0.655866
19	42	0.655079
19	43	0.653488
19	44	0.651056
19	45	0.647731
19	46	0.643438
19	47	0.638088
19	48	0.63157
19	49	0.623762
19	50	0.614532
19	51	0.603754
19	52	0.591323
19	53	0.577182
19	54	0.561347
19	55	0.543922
19	56	0.525095
19	57	0.50511
19	58	0.48423
19	59	0.462706
19	60	0.440756
19	61	0.418561
19	62	0.396261
19	63	0.373964
19	64	0.351746
19	65	0.329664
19	66	0.307753
19	67	0.286036
19	68	0.264525
19	69	0.243225
19	70	0.222132
19	71	0.201239
19	72	0.180537
19	73	0.160011
19	74	0.139645
19	75	0.119422
19	76	0.0993246
19	77	0.079332
19	78	0.0594242
19	79	0.0395805
19	80	0.0197795
19	81	0
20	0	0
20	1	0.0207186
20	2	0.041462
20	3	0.0622545
20	4	0.0831205
20	5	0.104084
20	6	0.125168
20	7	0.146397
20	8	0.167792
20	9	0.189375
20	10	0.211167
20	11	0.233187
20	12	0.25545
20	13	0.27797
20	14	0.300758
20	15	0.323817
20	16	0.347144
20	17	0.370727
20	18	0.394537
20	19	0.418528
20	20	0.442629
20	21	0.466731
20	22	0.490685
20	23	0.514284
20	24	0.537261
20	25	0.559292
20	26	0.580018
20	27	0.59909
20	28	0.616246
20	29	0.631359
20	30	0.644442
20	31	0.65561
20	32	0.665034
20	33	0.672901
20	34	0.679392
20	35	0.68467
20	36	0.688871
20	37	0.692106
20	38	0.69446
20	39	0.695996
20	40	0.696754
20	41	0.696754
20	42	0.695997
20	43	0.694462
20	44	0.692109
20	45	0.688875
20	46	0.684675
20	47	0.679398
20	48	0.672908
20	49	0.665042
20	50	0.65562
20	51	0.644453
20	52	0.631371
20	53	0.61626
20	54	0.599106
20	55	0.580035
20	56	0.559312
20	57	0.537283
20	58	0.514309
20	59	0.490712
20	60	0.466761
20	61	0.442661
20	62	0.418563
20	63	0.394573
20	64	0.370765
20	65	0.347185
20	66	0.323859
20	67	0.300801
20	68	0.278014
20	69	0.255493
20	70	0.23323
20	71	0.21121
20	72	0.189416
20	73	0.167831
20	74	0.146433
20	75	0.125201
20	76	0.104112
20	77	0.0831443
20	78	0.0622732
20	79	0.041475
20	80	0.0207254
20	81	0
21	0	0
21	1	0.0216403
21	2	0.0433083
21	3	0.0650315
21	4	0.0868371
21	5	0.108752
21	6	0.130805
21	7	0.153021
21	8	0.175427
21	9	0.19805
21	10	0.220914
21	11	0.244045
21	12	0.267465
21	13	0.291196
21	14	0.315256
21	15	0.33966
21	16	0.364415
21	17	0.389523
21	18	0.41497
21	19	0.440726
21	20	0.466731
21	21	0.49289
21	22	0.519051
21	23	0.54499
21	24	0.570386
21	25	0.594821
21	26	0.617788
21	27	0.63877
21	28	0.657371
21	29	0.673441
21	30	0.68706
21	31	0.698446
21	32	0.707874
21	33	0.715617
21	34	0.72192
21	35	0.726987
21	36	0.730984
21	37	0.734041
21	38	0.736255
21	39	0.737694
21	40	0.738403
21	41	0.738404
21	42	0.737695
21	43	0.736257
21	44	0.734044
21	45	0.730988
21	46	0.726991
21	47	0.721925
21	48	0.715623
21	49	0.707881
21	50	0.698455
21	51	0.687069
21	52	0.673452
21	53	0.657383
21	54	0.638784
21	55	0.617804
21	56	0.594839
21	57	0.570407
21	58	0.545013
21	59	0.519077
21	60	0.492919
21	61	0.466763
21	62	0.440759
21	63	0.415006
21	64	0.389561
21	65	0.364455
21	66	0.339701
21	67	0.315299
21	68	0.291239
21	69	0.267509
21	70	0.244088
21	71	0.220956
21	72	0.198091
21	73	0.175466
21	74	0.153057
21	75	0.130837
21	76	0.108781
21	77	0.0868612
21	78	0.0650503
21	79	0.0433214
21	80	0.0216471
21	81	0
22	0	0
22	1	0.022535
22	2	0.0451007
22	3	0.0677275
22	4	0.090446
22	5	0.113287
22	6	0.13628
22	7	0.159457
22	8	0.182849
22	9	0.206486
22	10	0.230398
22	11	0.254618
22	12	0.279174
22	13	0.304097
22	14	0.329415
22	15	0.355155
22	16	0.381339
22	17	0.407985
22	18	0.4351
22	19	0.462678
22	20	0.490685
22	21	0.519051
22	22	0.547645
22	23	0.57624
22	24	0.604478
22	25	0.631821
22	26	0.657546
22	27	0.680834
22	28	0.70103
22	29	0.717978
22	30	0.731913
22	31	0.743243
22	32	0.752402
22	33	0.759777
22	34	0.765685
22	35	0.770376
22	36	0.774041
22	37	0.776823
22	38	0.778827
22	39	0.780125
22	40	0.780764
22	41	0.780764
22	42	0.780126
22	43	0.778829
22	44	0.776825
22	45	0.774043
22	46	0.770379
22	47	0.765689
22	48	0.759782
22	49	0.752408
22	50	0.74325
22	51	0.731921
22	52	0.717988
22	53	0.701041
22	54	0.680847
22	55	0.65756
22	56	0.631837
22	57	0.604497
22	58	0.576262
22	59	0.54767
22	60	0.519079
22	61	0.490715
22	62	0.462711
22	63	0.435136
22	64	0.408023
22	65	0.381379
22	66	0.355196
22	67	0.329458
22	68	0.30414
22	69	0.279217
22	70	0.254661
22	71	0.230441
22	72	0.206527
22	73	0.182888
22	74	0.159494
22	75	0.136313
22	76	0.113316
22	77	0.0904702
22	78	0.0677465
22	79	0.0451138
22	80	0.0225418
22	81	0
23	0	0
23	1	0.0233997
23	2	0.046833
23	3	0.0703334
23	4	0.0939346
23	5	0.11767
23	6	0.141575
23	7	0.165683
23	8	0.190029
23	9	0.214649
23	10	0.23958
23	11	0.264858
23	12	0.290521
23	13	0.316607
23	14	0.343157
23	15	0.37021
23	16	0.397806
23	17	0.425982
23	18	0.454773
23	19	0.484204
23	20	0.514284
23	21	0.54499
23	22	0.57624
23	23	0.607853
23	24	0.639467
23	25	0.670441
23	26	0.699744
23	27	0.725993
23	28	0.747939
23	29	0.765531
23	30	0.779373
23	31	0.790213
23	32	0.798717
23	33	0.805405
23	34	0.810669
23	35	0.814792
23	36	0.817981
23	37	0.820385
23	38	0.822107
23	39	0.823218
23	40	0.823764
23	41	0.823764
23	42	0.823219
23	43	0.822108
23	44	0.820386
23	45	0.817984
23	46	0.814795
23	47	0.810672
23	48	0.80541
23	49	0.798722
23	50	0.790219
23	51	0.779379
23	52	0.765539
23	53	0.747948
23	54	0.726004
23	55	0.699757
23	56	0.670456
23	57	0.639485
23	58	0.607873
23	59	0.576264
23	60	0.545016
23	61	0.514313
23	62	0.484236
23	63	0.454808
23	64	0.426019
23	65	0.397845
23	66	0.370251
23	67	0.343199
23	68	0.31665
23	69	0.290564
23	70	0.264901
23	71	0.239622
23	72	0.21469
23	73	0.190068
23	74	0.165719
23	75	0.141608
23	76	0.117699
23	77	0.093959
23	78	0.0703525
23	79	0.0468462
23	80	0.0234065
23	81	0
24	0	0
24	1	0.0242314
24	2	0.0484993
24	3	0.0728402
24	4	0.0972907
24	5	0.121888
24	6	0.146669
24	7	0.171673
24	8	0.196939
24	9	0.222507
24	10	0.248418
24	11	0.274717
24	12	0.301448
24	13	0.328659
24	14	0.356401
24	15	0.384728
24	16	0.413697
24	17	0.443369
24	18	0.47381
24	19	0.505086
24	20	0.537261
24	21	0.570386
24	22	0.604478
24	23	0.639467
24	24	0.6751
24	25	0.710734
24	26	0.745
24	27	0.775456
24	28	0.799205
24	29	0.816835
24	30	0.829835
24	31	0.839522
24	32	0.846848
24	33	0.852461
24	34	0.856795
24	35	0.860144
24	36	0.862709
24	37	0.864629
24	38	0.865998
24	39	0.866879
24	40	0.86731
24	41	0.867311
24	42	0.86688
24	43	0.865999
24	44	0.864631
24	45	0.862711
24	46	0.860146
24	47	0.856797
24	48	0.852464
24	49	0.846852
24	50	0.839527
24	51	0.829841
24	52	0.816841
24	53	0.799212
24	54	0.775465
24	55	0.745011
24	56	0.710748
24	57	0.675116
24	58	0.639486
24	59	0.6045
24	60	0.570411
24	61	0.537289
24	62	0.505117
24	63	0.473844
24	64	0.443405
24	65	0.413735
24	66	0.384768
24	67	0.356442
24	68	0.328701
24	69	0.301491
24	70	0.27476
24	71	0.24846
24	72	0.222548
24	73	0.196978
24	74	0.17171
24	75	0.146702
24	76	0.121917
24	77	0.0973151
24	78	0.0728593
24	79	0.0485126
24	80	0.0242383
24	81	0
25	0	0
25	1	0.0250273
25	2	0.0500939
25	3	0.075239
25	4	0.100502
25	5	0.125923
25	6	0.151544
25	7	0.177405
25	8	0.20355
25	9	0.230024
25	10	0.256873
25	11	0.284148
25	12	0.311899
25	13	0.340184
25	14	0.369064
25	15	0.398607
25	16	0.428888
25	17	0.459992
25	18	0.492017
25	19	0.525074
25	20	0.559292
25	21	0.594821
25	22	0.631821
25	23	0.670441
25	24	0.710734
25	25	0.7524
25	26	0.794066
25	27	0.83163
25	28	0.856591
25	29	0.872771
25	30	0.883613
25	31	0.891194
25	32	0.896695
25	33	0.900796
25	34	0.903906
25	35	0.906281
25	36	0.908084
25	37	0.909426
25	38	0.910379
25	39	0.91099
25	40	0.911289
25	41	0.91129
25	42	0.910991
25	43	0.910379
25	44	0.909427
25	45	0.908085
25	46	0.906282
25	47	0.903908
25	48	0.900798
25	49	0.896697
25	50	0.891197
25	51	0.883616
25	52	0.872775
25	53	0.856597
25	54	0.831636
25	55	0.794075
25	56	0.752411
25	57	0.710749
25	58	0.670458
25	59	0.631841
25	60	0.594844
25	61	0.559319
25	62	0.525103
25	63	0.492049
25	64	0.460027
25	65	0.428926
25	66	0.398647
25	67	0.369105
25	68	0.340226
25	69	0.311942
25	70	0.28419
25	71	0.256915
25	72	0.230065
25	73	0.203589
25	74	0.177441
25	75	0.151577
25	76	0.125952
25	77	0.100526
25	78	0.075258
25	79	0.0501071
25	80	0.0250342
25	81	0
26	0	0
26	1	0.0257846
26	2	0.051611
26	3	0.0775212
26	4	0.103557
26	5	0.129762
26	6	0.15618
26	7	0.182856
26	8	0.209836
26	9	0.23717
26	10	0.264908
26	11	0.293105
26	12	0.321821
26	13	0.351119
26	14	0.381069
26	15	0.411753
26	16	0.443261
26	17	0.475699
26	18	0.509195
26	19	0.543903
26	20	0.580018
26	21	0.617788
26	22	0.657546
26	23	0.699744
26	24	0.745
26	25	0.794066
26	26	0.847236
26	27	0.900407
26	28	0.922761
26	29	0.934046
26	30	0.940651
26	31	0.944946
26	32	0.947941
26	33	0.950123
26	34	0.951754
26	35	0.952989
26	36	0.953921
26	37	0.954612
26	38	0.955101
26	39	0.955415
26	40	0.955568
26	41	0.955568
26	42	0.955415
26	43	0.955102
26	44	0.954613
26	45	0.953922
26	46	0.95299
26	47	0.951755
26	48	0.950124
26	49	0.947942
26	50	0.944948
26	51	0.940653
26	52	0.934048
26	53	0.922764
26	54	0.90041
26	55	0.847242
26	56	0.794075
26	57	0.745012
26	58	0.69976
26	59	0.657565
26	60	0.61781
26	61	0.580043
26	62	0.543932
26	63	0.509227
26	64	0.475734
26	65	0.443298
26	66	0.411792
26	67	0.38111
26	68	0.35116
26	69	0.321863
26	70	0.293147
26	71	0.26495
26	72	0.23721
26	73	0.209875
26	74	0.182892
26	75	0.156213
26	76	0.129791
26	77	0.103582
26	78	0.0775403
26	79	0.0516243
26	80	0.0257914
26	81	0
27	0	0
27	1	0.0265007
27	2	0.0530457
27	3	0.0796791
27	4	0.106446
27	5	0.133391
27	6	0.160562
27	7	0.188006
27	8	0.215772
27	9	0.243914
27	10	0.272487
27	11	0.301549
27	12	0.331165
27	13	0.361404
27	14	0.392346
27	15	0.424079
27	16	0.456708
27	17	0.490353
27	18	0.525166
27	19	0.561331
27	20	0.59909
27	21	0.63877
27	22	0.680834
27	23	0.725993
27	24	0.775456
27	25	0.83163
27	26	0.900407
27	27	1
27	28	1
27	29	1
27	30	1
27	31	1
27	32	1
27	33	1
27	34	1
27	35	1
27	36	1
27	37	1
27	38	1
27	39	1
27	40	1
27	41	1
27	42	1
27	43	1
27	44	1
27	45	1
27	46	1
27	47	1
27	48	1
27	49	1
27	50	1
27	51	1
27	52	1
27	53	1
27	54	1
27	55	0.900411
27	56	0.831637
27	57	0.775467
27	58	0.726007
27	59	0.680851
27	60	0.638791
27	61	0.599114
27	62	0.561358
27	63	0.525196
27	64	0.490387
27	65	0.456743
27	66	0.424117
27	67	0.392386
27	68	0.361445
27	69	0.331206
27	70	0.301591
27	71	0.272528
27	72	0.243955
27	73	0.215811
27	74	0.188041
27	75	0.160594
27	76	0.13342
27	77	0.10647
27	78	0.0796981
27	79	0.0530588
27	80	0.0265075
27	81	0
28	0	0
28	1	0.0271733
28	2	0.054393
28	3	0.0817054
28	4	0.109157
28	5	0.136797
28	6	0.164673
28	7	0.192835
28	8	0.221337
28	9	0.250232
28	10	0.27958
28	11	0.309443
28	12	0.339889
28	13	0.370992
28	14	0.402835
28	15	0.435515
28	16	0.469141
28	17	0.503845
28	18	0.539787
28	19	0.577167
28	20	0.616246
28	21	0.657371
28	22	0.70103
28	23	0.747939
28	24	0.799205
28	25	0.856591
28	26	0.922761
28	27	1
28	28	1
28	29	1
28	30	1
28	31	1
28	32	1
28	33	1
28	34	1
28	35	1
28	36	1
28	37	1
28	38	1
28	39	1
28	40	1
28	41	1
28	42	1
28	43	1
28	44	1
28	45	1
28	46	1
28	47	1
28	48	1
28	49	1
28	50	1
28	51	1
28	52	1
28	53	1
28	54	1
28	55	0.922764
28	56	0.856598
28	57	0.799215
28	58	0.747952
28	59	0.701046
28	60	0.657391
28	61	0.616269
28	62	0.577194
28	63	0.539816
28	64	0.503877
28	65	0.469176
28	66	0.435552
28	67	0.402874
28	68	0.371032
28	69	0.33993
28	70	0.309485
28	71	0.279621
28	72	0.250272
28	73	0.221375
28	74	0.192871
28	75	0.164705
28	76	0.136825
28	77	0.109181
28	78	0.0817242
28	79	0.0544061
28	80	0.0271801
28	81	0
29	0	0
29	1	0.0278002
29	2	0.0556486
29	3	0.0835936
29	4	0.111684
29	5	0.139969
29	6	0.1685
29	7	0.197329
29	8	0.22651
29	9	0.256102
29	10	0.286163
29	11	0.316759
29	12	0.34796
29	13	0.379843
29	14	0.412493
29	15	0.446008
29	16	0.480501
29	17	0.516102
29	18	0.552973
29	19	0.59131
29	20	0.631359
29	21	0.673441
29	22	0.717978
29	23	0.765531
29	24	0.816835
29	25	0.872771
29	26	0.934046
29	27	1
29	28	1
29	29	1
29	30	1
29	31	1
29	32	1
29	33	1
29	34	1
29	35	1
29	36	1
29	37	1
29	38	1
29	39	1
29	40	1
29	41	1
29	42	1
29	43	1
29	44	1
29	45	1
29	46	1
29	47	1
29	48	1
29	49	1
29	50	1
29	51	1
29	52	1
29	53	1
29	54	1
29	55	0.934048
29	56	0.872776
29	57	0.816844
29	58	0.765543
29	59	0.717993
29	60	0.67346
29	61	0.631381
29	62	0.591335
29	63	0.553002
29	64	0.516134
29	65	0.480535
29	66	0.446045
29	67	0.412531
29	68	0.379882
29	69	0.348001
29	70	0.3168
29	71	0.286203
29	72	0.256141
29	73	0.226548
29	74	0.197364
29	75	0.168532
29	76	0.139997
29	77	0.111708
29	78	0.0836123
29	79	0.0556617
29	80	0.027807
29	81	0
30	0	0
30	1	0.0283796
30	2	0.056809
30	3	0.0853381
30	4	0.114017
30	5	0.142897
30	6	0.172031
30	7	0.201473
30	8	0.231277
30	9	0.261504
30	10	0.292214
30	11	0.323474
30	12	0.355354
30	13	0.387931
30	14	0.42129
30	15	0.455529
30	16	0.490755
30	17	0.527095
30	18	0.564698
30	19	0.603742
30	20	0.644442
30	21	0.68706
30	22	0.731913
30	23	0.779373
30	24	0.829835
30	25	0.883613
30	26	0.940651
30	27	1
30	28	1
30	29	1
30	30	1
30	31	1
30	32	1
30	33	1
30	34	1
30	35	1
30	36	1
30	37	1
30	38	1
30	39	1
30	40	1
30	41	1
30	42	1
30	43	1
30	44	1
30	45	1
30	46	1
30	47	1
30	48	1
30	49	1
30	50	1
30	51	1
30	52	1
30	53	1
30	54	1
30	55	0.940653
30	56	0.883617
30	57	0.829843
30	58	0.779384
30	59	0.731927
30	60	0.687078
30	61	0.644463
30	62	0.603766
30	63	0.564726
30	64	0.527125
30	65	0.490788
30	66	0.455564
30	67	0.421328
30	68	0.387969
30	69	0.355393
30	70	0.323514
30	71	0.292254
30	72	0.261543
30	73	0.231315
30	74	0.201507
30	75	0.172063
30	76	0.142925
30	77	0.114041
30	78	0.0853567
30	79	0.056822
30	80	0.0283863
30	81	0
31	0	0
31	1	0.0289099
31	2	0.0578709
31	3	0.0869341
31	4	0.116151
31	5	0.145575
31	6	0.175258
31	7	0.205256
31	8	0.235626
31	9	0.266427
31	10	0.29772
31	11	0.329573
31	12	0.362054
31	13	0.39524
31	14	0.429213
31	15	0.464065
31	16	0.499899
31	17	0.536828
31	18	0.574986
31	19	0.614522
31	20	0.65561
31	21	0.698446
31	22	0.743243
31	23	0.790213
31	24	0.839522
31	25	0.891194
31	26	0.944946
31	27	1
31	28	1
31	29	1
31	30	1
31	31	1
31	32	1
31	33	1
31	34	1
31	35	1
31	36	1
31	37	1
31	38	1
31	39	1
31	40	1
31	41	1
31	42	1
31	43	1
31	44	1
31	45	1
31	46	1
31	47	1
31	48	1
31	49	1
31	50	1
31	51	1
31	52	1
31	53	1
31	54	1
31	55	0.944948
31	56	0.891198
31	57	0.83953
31	58	0.790224
31	59	0.743257
31	60	0.698463
31	61	0.655631
31	62	0.614546
31	63	0.575012
31	64	0.536858
31	65	0.499931
31	66	0.4641
31	67	0.42925
31	68	0.395278
31	69	0.362093
31	70	0.329612
31	71	0.29776
31	72	0.266465
31	73	0.235663
31	74	0.205291
31	75	0.17529
31	76	0.145603
31	77	0.116175
31	78	0.0869526
31	79	0.0578837
31	80	0.0289165
31	81	0
32	0	0
32	1	0.0293897
32	2	0.0588316
32	3	0.0883778
32	4	0.118081
32	5	0.147995
32	6	0.178173
32	7	0.208671
32	8	0.239547
32	9	0.27086
32	10	0.302671
32	11	0.335046
32	12	0.368053
32	13	0.401765
32	14	0.436261
32	15	0.471625
32	16	0.50795
32	17	0.545337
32	18	0.583898
32	19	0.623753
32	20	0.665034
32	21	0.707874
32	22	0.752402
32	23	0.798717
32	24	0.846848
32	25	0.896695
32	26	0.947941
32	27	1
32	28	1
32	29	1
32	30	1
32	31	1
32	32	1
32	33	1
32	34	1
32	35	1
32	36	1
32	37	1
32	38	1
32	39	1
32	40	1
32	41	1
32	42	1
32	43	1
32	44	1
32	45	1
32	46	1
32	47	1
32	48	1
32	49	1
32	50	1
32	51	1
32	52	1
32	53	1
32	54	1
32	55	0.947943
32	56	0.896699
32	57	0.846855
32	58	0.798727
32	59	0.752415
32	60	0.707891
32	61	0.665054
32	62	0.623776
32	63	0.583924
32	64	0.545366
32	65	0.507982
32	66	0.471659
32	67	0.436297
32	68	0.401803
32	69	0.368092
32	70	0.335085
32	71	0.30271
32	72	0.270898
32	73	0.239584
32	74	0.208705
32	75	0.178204
32	76	0.148022
32	77	0.118104
32	78	0.0883962
32	79	0.0588444
32	80	0.0293963
32	81	0
33	0	0
33	1	0.0298181
33	2	0.0596891
33	3	0.0896661
33	4	0.119802
33	5	0.150152
33	6	0.18077
33	7	0.211712
33	8	0.243035
33	9	0.274798
33	10	0.307063
33	11	0.339892
33	12	0.373352
33	13	0.407512
33	14	0.442444
33	15	0.478228
33	16	0.514943
33	17	0.552676
33	18	0.591519
33	19	0.631563
33	20	0.672901
33	21	0.715617
33	22	0.759777
33	23	0.805405
33	24	0.852461
33	25	0.900796
33	26	0.950123
33	27	1
33	28	1
33	29	1
33	30	1
33	31	1
33	32	1
33	33	1
33	34	1
33	35	1
33	36	1
33	37	1
33	38	1
33	39	1
33	40	1
33	41	1
33	42	1
33	43	1
33	44	1
33	45	1
33	46	1
33	47	1
33	48	1
33	49	1
33	50	1
33	51	1
33	52	1
33	53	1
33	54	1
33	55	0.950124
33	56	0.9008
33	57	0.852467
33	58	0.805415
33	59	0.759789
33	60	0.715633
33	61	0.67292
33	62	0.631585
33	63	0.591544
33	64	0.552705
33	65	0.514974
33	66	0.478261
33	67	0.44248
33	68	0.407549
33	69	0.37339
33	70	0.339931
33	71	0.307101
33	72	0.274836
33	73	0.243071
33	74	0.211746
33	75	0.180801
33	76	0.150179
33	77	0.119826
33	78	0.0896843
33	79	0.0597018
33	80	0.0298246
33	81	0
34	0	0
34	1	0.0301941
34	2	0.0604418
34	3	0.0907966
34	4	0.121312
34	5	0.152044
34	6	0.183045
34	7	0.214374
34	8	0.246085
34	9	0.278239
34	10	0.310893
34	11	0.344111
34	12	0.377954
34	13	0.412489
34	14	0.447781
34	15	0.483902
34	16	0.520921
34	17	0.55891
34	18	0.597941
34	19	0.638082
34	20	0.679392
34	21	0.72192
34	22	0.765685
34	23	0.810669
34	24	0.856795
34	25	0.903906
34	26	0.951754
34	27	1
34	28	1
34	29	1
34	30	1
34	31	1
34	32	1
34	33	1
34	34	1
34	35	1
34	36	1
34	37	1
34	38	1
34	39	1
34	40	1
34	41	1
34	42	1
34	43	1
34	44	1
34	45	1
34	46	1
34	47	1
34	48	1
34	49	1
34	50	1
34	51	1
34	52	1
34	53	1
34	54	1
34	55	0.951756
34	56	0.90391
34	57	0.856801
34	58	0.810678
34	59	0.765697
34	60	0.721935
34	61	0.679411
34	62	0.638103
34	63	0.597966
34	64	0.558938
34	65	0.520951
34	66	0.483935
34	67	0.447816
34	68	0.412525
34	69	0.377992
34	70	0.344149
34	71	0.310931
34	72	0.278276
34	73	0.246121
34	74	0.214407
34	75	0.183076
34	76	0.152071
34	77	0.121335
34	78	0.0908147
34	79	0.0604544
34	80	0.0302006
34	81	0
35	0	0
35	1	0.0305172
35	2	0.0610884
35	3	0.0917676
35	4	0.122609
35	5	0.153667
35	6	0.184997
35	7	0.216655
35	8	0.248697
35	9	0.281181
35	10	0.314164
35	11	0.347707
35	12	0.381869
35	13	0.416711
35	14	0.452295
35	15	0.488682
35	16	0.525933
35	17	0.564106
35	18	0.603257
35	19	0.643433
35	20	0.68467
35	21	0.726987
35	22	0.770376
